8.6	15	19	20.6	25.7	32.8	36.7	43.1	49	54.5	58.7	63.1	67	70	72	73	79	81.6	85	89	95.8	102.5	106.3	109.6
1	10	13	21	27.3	29.5	31.9	36	37.5	40	49	53	54.9	62	66.7	73.2	77.6	79	88.5	91	105	109		
2.4	4.6	5.6	18.5	23.3	29.5	38.3	41	45.2	50.4	55	58.8	60	64.1	67.6	71.8	79.4	83.5	87.6					
0	3.2	5.2	10.5	14.5	21.9	29.6	31.4	35.6	40	44	48.5	50.8	53.6	56.5	60	63.4	67	71	79	81.7			
1	5	8	12	20	23	27	29.1	34	39	44	50	52	55	58	68.5	74	80	85	89				
0.7	3.2	6	6.9	15.5	19	25.5	28	30.5	37	41.5	45.5	51.5	60.55	61.5	63.9	67	71.6						
0	3.5	6	8.5	15	18	24.5	28.8	37	41	44	46.4	49.8	53.5	57.4	69	72							
6	8	11	21	22.5	31	34	37	41	45	47	48.1	53	56	59	73.5								
7	9	14	17	21	26	28	28.6	31	36	40	43	46	52	56	60.4	69	72						
4	7	11	29	33.1	40	44	48.5	51.5	61	65	70												
1	2	9.9	14	17.5	27	32	36	40	41	48	52	56	57.8	64	66.5	75	79						
2	11	19	20	28	32	38	45	48	51	55	58												
7	13	22	30	34	37.8	39.5	44	47	51	53	57	59	62	66	71	75							
6	10.5	13	15	22.5	25	28.5	30	40	44	50	52.5	54	58										
5	6.7	11.6	15.4	22	23	26.4	29.2	32.2	36	39.1	44.1	50	52	52.3	57.9	58	61	62					
3.4	8	10.3	16.9	27.3	29	32	40	43	45.5	57	63	65.9	67										
6.5	16.2	20.6	24	29.4	33.8	40.5	44.5	47.4	53	56.7				
1	8	13	24	26	31	41	45	47	50	57.1				
2	10	12.5	18.5	20	24	27.5	41	43	47	54				
3	14.5	17.25	20	26	30.7	34.6	41	44.5	50	56	58	66	69	69








